0.294198900461 0.775645434856 1.667077064514 0.169453993440 4.000000000000 2.205221891403 1.262202978134 1.035037994385 -0.042243998498 -4.626717090607 32.060668945312 20.359298706055 -2.052145004272 -0.545216143131 2.374555587769 0.841938018799 0.054999999702 0.000000000000 0.000000000000 nan nan 2306285388038761665587755677122560.000000000000 0.000000000000 0.000000000000 0.000000000000 -0.026437833905 0.322503924370 0.251675993204 0.048985697329 -1.065438032150 0.301925003529 0.000000000000 0.000000000000 0.000000000000 0.000000000000 0.000000000000 1.000000000000 0.395202726126 8.468987464905 -0.567348003387 0.012170000002 1.068330049515 0.228947162628 0.134675011039 -0.062669150531 0.776377260685 1.422145009041 0.272983014584 -0.759215354919 -0.054412998259 0.581929504871 -52836192.000000000000 508772.843750000000 -1.500000000000 0.009099406190 0.286724269390 0.000000000000 0.200000002980 7.862646102905 0.761916100979 -0.311555176973 -1.174949407578 0.152371808887 2.321386814117 0.208014875650 0.255433619022 0.186886325479 0.186992332339 0.043444231153 90831.398437500000
Chi2: 9.855756e+02
Iterations: 9247
